image: gazebo_world.pgm
resolution: 0.050000
origin: [-3.882911, -3.996318, 0.000000]
negate: 0
occupied_thresh: 0.65
free_thresh: 0.196

